((("reifiled" .
   [0 0 0 1 0 0 0 0])
  ("toInt" .
   [1 0 0 0 0])
  ("NumberBox<out" .
   [0 0 0 0 0 0 1 1 0 0 0 0 0])
  ("Number>" .
   [1 0 0 0 0 0 0])
  ("Box<T>" .
   [0 0 0 0 1 0])
  ("setDefault" .
   [0 0 0 1 0 0 0 0 0 0])
  ("box" .
   [5 0 0])
  ("box2" .
   [1 0 0 0])
  ("box1" .
   [1 0 0 0])
  ("MutableBox<T>" .
   [0 0 1 0 3 0 0 0 0 0 0 0 0])
  ("不変・共変・反変" .
   [0 0 2 0 0 0 0 0])
  ("Box<String>" .
   [1 0 0 0 0 0 0 0 0 0 0])
  ("value" .
   [7 0 0 0 0])
  ("kotlin" .
   [0 0 2 4 1 0])
  ("Box" .
   [2 0 1])
  ("構造が変わった" .
   [0 0 1 0 0 0 0])
  ("ES2015のProxyを使ってみた" .
   [0 0 0 0 0 0 1 0 0 0 0 0 0 0 0 0 0 0])
  ("git" .
   [1 0 0])
  ("JAMStack" .
   [0 0 2 1 0 0 0 0])
  ("imoprt" .
   [1 0 0 0 0 0])
  ("prepublish" .
   [0 0 0 0 1 0 0 0 0 0])
  ("npm" .
   [3 0 0])
  ("Dynamic" .
   [0 0 0 1 0 0 0])
  ("ECMAScriptとは" .
   [0 0 0 0 0 1 0 0 0 0 0 0])
  ("htmlのリンクを見つける" .
   [0 0 0 0 1 0 0 0 0 0 0 0 0])
  ("chromeでクローリング" .
   [0 0 0 0 0 0 1 0 0 0 0 0 0])
  ("ヘッドレスChrome" .
   [0 0 0 0 0 0 2 1 0 0 0])
  ("Node学園" .
   [0 0 0 0 1 0])
  ("lighthouse" .
   [1 0 0 0 0 0 0 0 0 0])
  ("IE11" .
   [1 0 0 0])
  ("dev" .
   [1 0 0])
  ("google" .
   [2 0 0 0 0 0])
  ("ReactNativeアプリでE2Eテストを回してみた" .
   [0 0 0 0 0 0 0 0 0 0 0 1 0 0 0 0 0 0 0 0 0 0 0 0 0 0 0])
  ("to" .
   [2 0])
  ("Chrome" .
   [1 0 0 0 0 0])
  ("ServiceWorker" .
   [0 0 0 0 0 0 0 0 1 0 1 0 0])
  ("PWA" .
   [4 0 0])
  ("kinesis" .
   [0 0 0 1 1 0 0])
  ("Lambda" .
   [1 0 1 2 0 0])
  ("変わるもの" .
   [1 0 0 0 0])
  ("変わらないもの" .
   [0 0 0 0 0 1 0])
  ("ESModule" .
   [0 0 0 0 1 0 0 0])
  ("AMA" .
   [1 0 0])
  ("lint" .
   [1 0 0 0])
  ("WebComponentsがきたらどうなるの" .
   [0 0 0 0 0 0 2 0 0 0 0 0 0 0 0 0 0 0 0 0 0 0])
  ("ES201x" .
   [0 0 1 0 0 0])
  ("Boundaries" .
   [0 0 0 0 1 0 0 0 0 0])
  ("the" .
   [1 0 0])
  ("Beyond" .
   [0 0 0 1 0 0])
  ("railsが多い" .
   [0 0 0 0 0 1 0 0])
  ("firebase" .
   [0 0 1 0 2 0 0 0])
  ("cookpad" .
   [1 0 0 0 0 0 0])
  ("komerco" .
   [1 0 0 0 0 0 0])
  ("第3サイクル" .
   [0 0 1 0 0 0])
  ("第2サイクル" .
   [0 0 1 0 0 0])
  ("クックパッドの" .
   [1 0 0 0 0 0 0])
  ("Report" .
   [0 0 0 0 1 0])
  ("Learn" .
   [0 0 1 0 0])
  ("Measure" .
   [0 0 0 1 0 0 0])
  ("Build" .
   [1 0 0 0 0])
  ("毎日の料理を楽しみにする挑戦をし続けた20年" .
   [0 0 0 1 0 0 0 0 0 0 0 0 0 0 0 0 0 0 0 0 0 0])
  ("store" .
   [1 0 0 0 0])
  ("js入門" .
   [0 0 1 0])
  ("Nuxt" .
   [1 0 1 0])
  ("storeに処理がある" .
   [0 0 0 0 0 1 0 0 0 0 0])
  ("ducks" .
   [0 0 0 1 0])
  ("domain-style" .
   [0 0 0 0 1 0 0 0 0 0 0 0])
  ("rails-style" .
   [0 0 0 1 0 0 0 0 0 0 0])
  ("store設計" .
   [0 0 1 0 0 0 0])
  ("component設計" .
   [0 0 0 0 0 0 0 1 0 0 0])
  ("Redux" .
   [1 0 0 0 0])
  ("junctions" .
   [0 0 0 1 1 0 0 0 0])
  ("create-react-app" .
   [0 0 0 0 0 0 1 0 0 0 1 0 0 0 0 0])
  ("App" .
   [1 0 0])
  ("Service" .
   [0 0 0 3 0 1 1])
  ("Kubernetes" .
   [0 0 3 3 0 3 0 0 0 0])
  ("yahoo" .
   [3 0 0 0 1])
  ("package" .
   [1 0 0 0 0 0 0])
  ("dynamic" .
   [0 0 0 1 0 0 0])
  ("importだけできる" .
   [1 0 0 0 0 0 0 0 0 0 0])
  ("mjs" .
   [1 0 0])
  ("js" .
   [2 0])
  ("main" .
   [1 0 0 0])
  ("PreflightRequest" .
   [0 0 0 1 1 0 0 0 0 0 0 0 0 0 0 0])
  ("->" .
   [3 0])
  ("credentials" .
   [1 0 0 0 0 0 0 0 0 0 0])
  ("ajax" .
   [1 0 0 0])
  ("Access-Control-Allow-Origin" .
   [0 0 0 0 1 0 1 0 0 0 0 0 0 0 0 0 0 0 0 0 0 0 0 0 0 0 0])
  ("CORS" .
   [2 0 0 0])
  ("origin" .
   [1 0 0 0 0 0])
  ("http" .
   [1 0 0 0])
  ("Appium" .
   [1 0 0 0 0 0])
  ("MCU" .
   [1 0 0])
  ("JSの実行エンジン" .
   [0 0 2 0 0 0 0 0 0])
  ("Runtime" .
   [0 0 0 1 0 0 0])
  ("Builtins" .
   [0 0 0 0 1 0 0 0])
  ("V8" .
   [1 0])
  ("Bootとか" .
   [0 0 0 0 1 0])
  ("/div" .
   [25 0 0 1])
  ("src=" .
   [1 0 0 0])
  ("script" .
   [1 0 0 0 0 0])
  ("Firebaseいいよ" .
   [0 0 0 0 0 0 0 0 1 0 0])
  ("https" .
   [1 0 0 0 0])
  ("Fabric" .
   [0 0 2 1 0 0])
  ("android/ios揃える" .
   [0 0 0 0 0 0 1 0 0 0 0 0 0 0])
  ("gradle" .
   [1 0 0 0 0 0])
  ("android/app/build" .
   [0 0 0 0 0 0 0 0 0 0 0 2 0 0 0 0 0])
  ("FirebaseとReact" .
   [0 0 0 0 1 0 0 0 0 0 0 0 0 0])
  ("label" .
   [2 0 0 1 0])
  ("SimpleButton" .
   [0 0 0 1 1 0 0 0 0 0 0 0])
  ("listUpdate" .
   [2 0 0 0 0 0 2 0 0 0])
  ("itemContainer" .
   [0 0 0 0 0 1 0 0 0 0 0 0 0])
  ("padding" .
   [0 0 0 0 2 0 0])
  ("currentPosition" .
   [0 0 0 0 0 1 0 0 0 0 0 0 0 0 0])
  ("Breadcrumb" .
   [0 0 0 1 0 0 0 0 0 0])
  ("number" .
   [2 0 0 0 0 0])
  ("PropTypes" .
   [0 0 0 1 2 0 0 0 0])
  ("propTypes" .
   [0 0 0 0 0 1 0 0 0])
  ("isPresent" .
   [0 0 0 2 0 0 0 0 0])
  ("onPressAndroidBack2" .
   [3 0 0 0 0 0 0 0 0 0 0 0 0 0 0 0 0 0 0])
  ("Component" .
   [0 0 0 0 0 1 0 0 0])
  ("alignItems" .
   [0 0 1 1 0 0 0 0 0 0])
  ("datePicker" .
   [0 0 1 0 1 2 1 0 0 0])
  ("marginTop" .
   [0 0 0 0 0 0 1 0 0])
  ("modalContainer" .
   [0 0 0 0 1 0 1 0 0 0 0 0 0 0])
  ("flex" .
   [5 0 0 0])
  ("Modal" .
   [0 0 1 0 0])
  ("DatePickerIOS" .
   [1 0 0 0 0 0 0 0 0 0 0 0 0])
  ("onDateChange" .
   [0 0 0 0 1 0 0 0 0 0 0 0])
  ("DatePickerIos" .
   [1 0 0 0 0 0 0 0 0 0 0 0 0])
  ("month" .
   [2 0 0 0 0])
  ("getFullYear" .
   [0 0 0 1 0 0 0 0 0 0 0])
  ("Monthly" .
   [0 0 0 1 0 0 0])
  ("personName" .
   [1 0 0 0 0 0 0 0 0 0])
  ("''" .
   [1 0])
  ("urlRoot" .
   [1 0 0 0 0 0 0])
  ("silent" .
   [1 0 0 0 0 0])
  ("toJSON" .
   [0 0 0 0 1 0])
  ("null" .
   [5 0 0 0])
  ("personList" .
   [1 0 0 0 0 0 0 0 0 0])
  ("createFlag" .
   [0 0 0 0 1 0 0 0 0 0])
  ("personId" .
   [0 0 0 1 1 0 0 0])
  ("Person" .
   [0 0 0 0 1 0])
  ("fix" .
   [1 0 0])
  ("link" .
   [3 0 0 0])
  ("Expo" .
   [3 0 0 1])
  ("なぜReactNative" .
   [0 0 1 0 0 0 0 0 0 0 0 0 0])
  ("ReactNative" .
   [2 0 0 0 0 0 0 0 0 0 0])
  ("DMM" .
   [1 0 0])
  ("react" .
   [4 0 0 0 0])
  ("native" .
   [5 0 0 0 0 0])
  ("Native" .
   [1 0 0 0 1 1])
  ("androidエンジニアがいなくても" .
   [0 0 0 1 0 0 0 0 0 0 0 0 0 0 0 0 0 0])
  ("ios" .
   [3 0 0])
  ("dest" .
   [1 0 0 0])
  ("gulp" .
   [1 0 0 0])
  ("pipe" .
   [1 0 0 0])
  ("concat" .
   [1 0 0 0 0 0])
  ("from" .
   [8 0 0 0])
  ("import" .
   [5 0 0 0 3 0])
  ("CloudWatch" .
   [1 0 0 1 1 0 0 0 0 0])
  ("ELBで負荷分散" .
   [0 0 0 1 0 0 0 0])
  ("CloudWatchで監視" .
   [0 0 0 0 1 0 1 0 0 0 1 0 0])
  ("スケールさせづらい" .
   [0 0 0 0 1 0 0 0 0])
  ("AWS" .
   [4 0 0])
  ("インスタンスの詳細の高度な詳細で起動時に動くスクリプトを指定できる" .
   [0 0 0 0 0 0 1 0 0 0 0 0 0 0 0 0 0 0 0 0 0 0 0 0 0 0 0 0 0 0 0 0 0])
  ("崇令さん" .
   [0 0 1 0])
  ("幸敬さん" .
   [0 0 1 0])
  ("Dockerによるアプリ開発の復旧で再注目" .
   [0 0 0 0 0 0 1 0 0 0 0 0 0 0 0 0 0 0 0 0 0])
  ("jenkinsを入れたらDevOpsではない" .
   [0 0 0 0 0 0 0 1 0 0 0 0 0 0 0 0 0 0 0 0 0 0])
  ("validate" .
   [1 0 0 0 0 0 0 0])
  ("まとめ" .
   [4 0 0])
  ("test" .
   [1 0 0 0])
  ("addRegion" .
   [0 0 0 0 1 0 0 0 0])
  ("getValidators" .
   [0 0 0 0 0 1 0 0 0 0 0 0 0])
  ("validatedAttrs" .
   [0 0 0 0 0 0 0 0 0 0 1 0 0 0])
  ("c" .
   [1])
  ("eschew" .
   [0 0 1 0 0 0])
  ("attrs" .
   [2 0 0 0 0])
  ("name" .
   [3 0 0 0])
  ("Hello" .
   [1 0 0 0 0])
  ("text" .
   [1 0 0 0])
  ("done" .
   [1 0 0 0])
  ("histories" .
   [5 0 0 0 0 0 0 0 0])
  ("locations" .
   [1 0 0 0 1 0 0 0 0])
  ("Locations" .
   [0 0 0 1 2 0 1 0 0])
  ("Teams" .
   [1 0 0 0 0])
  ("state" .
   [15 0 0 1 1])
  ("setState" .
   [0 0 0 1 3 0 0 0])
  ("getDOMNode" .
   [0 0 0 0 2 0 0 0 0 0])
  ("findDOMNode" .
   [0 0 0 0 0 0 1 0 0 0 0])
  ("React" .
   [14 0 0 2 0])
  ("refs" .
   [3 0 0 0])
  ("wait" .
   [1 0 0 0])
  ("location_id" .
   [0 0 0 0 0 1 0 0 0 0 0])
  ("team_id" .
   [1 0 0 0 0 0 0])
  ("inputDate" .
   [1 0 0 0 0 0 0 0 0])
  ("save" .
   [1 0 0 0])
  ("inputDateDay" .
   [0 0 0 0 0 0 0 2 0 0 1 0])
  ("inputDateMonth" .
   [0 0 0 0 0 0 1 1 0 0 1 0 0 0])
  ("const" .
   [15 0 0 1 0])
  ("inputLocation" .
   [0 0 0 0 0 0 3 2 0 0 0 0 0])
  ("inputStarter" .
   [0 0 0 0 0 0 2 3 0 0 1 0])
  ("inputResult" .
   [0 0 0 0 0 0 4 1 0 0 0])
  ("inputTeam" .
   [1 0 0 0 0 0 1 1 1])
  ("inputDateYear" .
   [0 0 0 0 0 0 0 1 0 4 0 0 0])
  ("day" .
   [5 0 0])
  ("parseInt" .
   [0 0 0 2 0 1 1 0])
  ("moment" .
   [2 0 0 0 1 0])
  ("days" .
   [1 0 0 0])
  ("months" .
   [1 0 0 0 0 0])
  ("year" .
   [6 0 0 0])
  ("years" .
   [1 0 0 0 0])
  ("Collection" .
   [0 0 0 0 0 1 0 0 0 0])
  ("teams" .
   [8 0 1 0 0])
  ("require" .
   [0 0 0 0 1 0 0])
  ("RequestFormView" .
   [0 0 0 0 0 0 0 0 1 0 0 0 0 0 0])
  ("requestFormView" .
   [0 0 0 0 0 0 0 0 0 0 0 0 1 0 0])
  ("requestForm" .
   [0 0 0 0 0 0 0 0 0 0 1])
  ("requestView" .
   [0 0 0 1 0 0 0 0 0 0 0])
  ("onRender" .
   [0 0 0 0 0 1 0 0])
  ("template" .
   [0 0 0 0 0 0 0 1])
  ("className" .
   [1 0 0 0 0 1 0 0 1])
  ("ManyToOne" .
   [0 0 0 0 0 0 1 0 0])
  ("@ManyToOne" .
   [1 0 0 0 0 0 0 1 0 0])
  ("List" .
   [1 0 0 0])
  ("receptnists" .
   [3 0 0 0 0 0 0 0 0 0 0])
  ("division" .
   [0 0 2 0 0 0 0 0])
  ("Division" .
   [0 0 0 0 2 0 0 0])
  ("id" .
   [11 0])
  ("children" .
   [0 0 0 0 1 0 0 0])
  ("inputCategory" .
   [1 0 0 0 1 1 2 1 0 0 0 0 0])
  ("categoryFetchOptions" .
   [0 0 0 0 4 0 0 0 0 0 0 0 0 0 0 0 0 0 0 0])
  ("success" .
   [1 0 0 0 0 1 0])
  ("categories" .
   [3 0 0 0 0 0 0 0 0 0])
  ("categoryList" .
   [4 0 0 0 0 0 0 0 0 0 1 0])
  ("categoryListHtml" .
   [1 0 0 0 0 0 0 0 0 0 0 0 0 0 0 0])
  ("categoryListOptions" .
   [0 0 0 0 0 1 0 0 0 0 0 0 0 0 0 0 0 0 0])
  ("class=" .
   [45 0 0 0 0 0])
  ("div" .
   [32 0 0])
  ("/dl" .
   [1 0 0])
  ("/dd" .
   [2 0 0])
  ("dd" .
   [2 0])
  ("dl" .
   [1 0])
  ("currentUser" .
   [0 0 0 0 0 0 1 1 0 0 0])
  ("options" .
   [0 0 2 5 0 0 0])
  ("initialize" .
   [0 0 0 0 1 1 0 0 0 0])
  ("inputContent" .
   [0 0 0 0 0 0 1 0 1 0 0 0])
  ("inputTitle" .
   [0 0 0 0 0 0 0 1 0 0])
  ("ui" .
   [2 0])
  ("function" .
   [0 0 0 4 7 0 0 0])
  ("bindBackboneValidation" .
   [0 0 0 0 1 0 0 0 0 0 0 0 0 0 0 0 0 0 0 0 0 0])
  ("/li" .
   [1 0 0])
  ("li" .
   [1 0])
  ("stylesheet" .
   [0 0 0 0 0 1 0 0 0 0])
  ("target_of_assignments" .
   [1 0 0 0 0 0 0 0 0 0 0 0 0 0 0 0 0 0 0 0 0])
  ("answer" .
   [1 0 0 0 0 0])
  ("second" .
   [1 0 0 1 0 1])
  ("first" .
   [3 0 0 0 0])
  ("<span>" .
   [1 0 0 0 0 0])
  ("<span" .
   [0 0 0 0 1])
  ("change" .
   [2 0 0 0 0 0])
  ("current" .
   [2 0 0 0 1 0 0])
  ("Date" .
   [7 0 0 0])
  ("last_password_updated_at:" .
   [0 0 0 0 2 0 0 0 0 0 0 0 0 0 0 0 0 0 0 0 0 0 0 0 0])
  ("account_params" .
   [0 0 0 0 0 1 0 0 0 0 0 0 0 0])
  ("password" .
   [0 0 0 0 1 0 0 0])
  ("restore_yam" .
   [0 0 0 1 0 0 0 0 0 0 0])
  ("back_up_yaml" .
   [0 0 1 0 0 0 0 0 0 0 0 0])
  ("settings_yaml" .
   [0 0 3 0 0 0 0 0 0 0 0 0 0])
  ("tmp_yaml" .
   [0 0 0 2 0 0 0 0])
  ("current_settings" .
   [0 0 1 0 0 0 0 0 0 0 0 0 0 0 0 0])
  ("let" .
   [2 0 0])
  ("last_date" .
   [0 0 0 0 1 0 0 0 0])
  ("first_date" .
   [0 0 1 1 0 1 0 0 0 0])
  ("Toge" .
   [1 0 0 0])
  ("data" .
   [6 0 0 0])
  ("settings" .
   [1 0 5 0 2 0 0 0])
  ("inspect" .
   [1 0 0 0 0 0 0])
  ("load_settings_yaml" .
   [0 0 1 0 0 0 0 0 0 0 0 0 0 0 0 0 0 0])
  ("first_date_string" .
   [0 0 2 1 0 0 0 0 0 0 0 0 0 0 0 0 0])
  ("aaaaaaaaaaaaaa" .
   [0 0 0 0 0 0 0 0 0 0 0 0 1 0])
  ("values" .
   [1 0 0 0 0 0])
  ("user" .
   [9 0 0 0])
  ("keys" .
   [3 0 0 0])
  ("ActorRef" .
   [0 0 0 1 0 0 0 0])
  ("forEach" .
   [1 0 0 0 0 0 0])
  ("Battle" .
   [1 0 0 0 0 0])
  ("Calc" .
   [1 0 0 0])
  ("map" .
   [1 0 0])
  ("String" .
   [5 0 0 0 1 0])
  ("println" .
   [0 0 0 0 0 0 1])
  ("Right" .
   [0 0 1 0 0])
  ("None" .
   [0 0 1 0])
  ("uid" .
   [4 0 0])
  ("create" .
   [1 0 0 0 0 0])
  ("ENTER_KEY" .
   [0 0 1 0 0 0 0 0 0])
  ("which" .
   [0 0 0 1 0])
  ("createOnEnter" .
   [0 0 0 0 1 0 0 0 0 0 0 0 0])
  ("false" .
   [18 0 0 1 0])
  ("completed" .
   [0 0 0 0 0 1 0 0 0])
  ("nextOrder" .
   [0 0 0 1 0 0 0 0 0])
  ("order" .
   [1 0 0 0 0])
  ("trim" .
   [1 0 0 2])
  ("val" .
   [16 0 0])
  ("title" .
   [2 0 0 1 0])
  ("return" .
   [4 0 0 1 0 0])
  ("newAttributes" .
   [0 0 0 1 0 1 0 0 0 0 0 0 0])
  ("each" .
   [1 0 2 1])
  ("if" .
   [6 0])
  ("html" .
   [0 0 1 1])
  ("append" .
   [1 0 0 0 0 1])
  ("model" .
   [9 0 0 0 2])
  ("TodoView" .
   [0 0 0 0 0 0 1 0])
  ("new" .
   [4 0 0])
  ("view" .
   [4 0 0 0])
  ("var" .
   [1 0 0])
  ("todo" .
   [1 0 0 1])
  ("hide" .
   [1 0 0 0])
  ("show" .
   [1 0 1 0])
  ("length" .
   [0 0 13 0 1 0])
  ("render" .
   [2 0 0 0 1 0])
  ("reset" .
   [1 0 0 0 0])
  ("fetch" .
   [2 0 0 1 0])
  ("Todos" .
   [2 0 0 2 2])
  ("addAll" .
   [1 0 0 0 1 0])
  ("addOne" .
   [0 0 0 1 1 1])
  ("todos" .
   [0 0 2 0 0])
  ("app" .
   [0 0 2])
  ("listenTo" .
   [0 0 0 0 0 2 0 0])
  ("true" .
   [16 0 1 1])
  ("this" .
   [42 0 2 2])
  ("super" .
   [1 0 0 1 0])
  ("constructor" .
   [0 0 0 0 1 0 0 0 0 0 0])
  ("list" .
   [5 0 1 4])
  ("any" .
   [3 0 0])
  ("input" .
   [8 0 0 4 0])
  ("events" .
   [0 0 0 1 0 0])
  ("View" .
   [9 0 0 1])
  ("Backbone" .
   [0 0 2 1 0 0 0 0])
  ("extends" .
   [1 0 0 0 1 0 0])
  ("extend" .
   [0 0 1 0 0 0])
  ("AppView" .
   [1 0 0 0 0 0 0])
  ("class" .
   [4 0 0 1 0])
  ("table" .
   [0 0 1 0 0])
  ("accounts" .
   [0 0 1 0 0 2 0 0])
  ("|account|" .
   [0 0 1 1 0 0 0 0 0])
  ("account" .
   [0 0 2 2 0 0 0])
  ("username" .
   [0 0 0 0 1 0 0 0])
  ("format" .
   [2 0 0 1 0 0])
  ("original" .
   [0 0 0 0 0 0 1 0])
  ("%td=" .
   [0 0 0 2])
  ("date" .
   [22 0 0 0])
  ("parent" .
   [0 0 0 0 1 0])
  ("request_account" .
   [0 0 0 0 0 0 0 0 0 0 1 0 0 0 0])
  ("def" .
   [0 0 4])
  ("end" .
   [0 0 1])
  ("public" .
   [0 0 0 1 0 0])
  ("static" .
   [0 0 1 0 0 0])
  ("message" .
   [0 0 0 1 2 0 0])
  ("button" .
   [5 0 0 0 2 0])
  ("type" .
   [1 0 1 0])
  ("type=" .
   [3 0 0 0 0])
  ("/button" .
   [4 0 0 0 1 0 0])
  ("id=" .
   [1 0 0])
  ("javascripts/app.js" .
   [0 0 2 0 0 0 0 0 0 0 0 0 0 0 0 0 0 0])
  ("sender" .
   [2 0 0 3 1 0])
  ("users" .
   [5 0 0 0 0])
  ("toge" .
   [2 0 0 0])
  ("require_relative" .
   [0 0 0 0 0 0 0 0 0 1 0 0 0 0 0 0])
  ("console" .
   [30 0 1 0 1 4 0])
  ("log" .
   [33 0 1])
  ("empty" .
   [1 0 0 0 0])
  ("Account" .
   [1 0 0 0 0 0 0])
  ("new_password" .
   [0 0 0 0 1 0 0 0 0 0 0 0])
  ("timestamps" .
   [1 0 0 0 0 0 0 0 0 0])
  ("conf" .
   [1 0 0 0])
  ("css" .
   [1 0 0])
  ("Json" .
   [4 0 0 0])
  ("result" .
   [4 0 0 0 1 1])
  ("results" .
   [3 0 0 0 0 0 0])
  ("JsonNode" .
   [1 0 0 0 0 0 0 0])
  ("string" .
   [1 0 0 0 0 0])
  ("requests" .
   [1 0 0 0 0 0 0 0])
  ("Category" .
   [1 0 0 0 0 0 0 0])
  ("category" .
   [9 0 1 0 1 1 0 0])
  ("User" .
   [2 0 0 0])
  ("collection" .
   [0 0 0 0 1 1 4 0 0 0])
  ("url" .
   [1 0 0])
  ("attributes" .
   [0 0 0 0 0 2 0 0 0 0])
  ("clone" .
   [6 0 0 0 0])
  ("closeModal" .
   [0 0 0 0 0 0 1 0 0 0])
  ("$el" .
   [2 0 0])
  ("set" .
   [2 0 0])
  ("getRegion" .
   [0 0 0 0 2 0 0 0 0])
  ("currentView" .
   [0 0 0 0 0 0 0 0 1 0 0])
  ("UsersModalView" .
   [0 0 0 0 1 0 0 0 0 0 0 0 0 0])
  ("selectedInputs" .
   [0 0 0 0 0 1 1 0 0 0 0 0 0 0])
  ("attr" .
   [4 0 0 0])
  ("remove" .
   [2 0 0 0 0 0])
  ("findWhere" .
   [1 0 0 0 0 1 0 0 0])
  ("get" .
   [3 0 0])
  ("canRequest" .
   [1 0 0 0 1 3 0 0 0 0])
  ("canWork" .
   [0 0 0 0 1 0 0])
  ("Input" .
   [2 0 0 0 0])
  ("default" .
   [2 0 0 0 2 0 0])
  ("defaultOptions" .
   [0 0 0 0 0 0 0 0 2 0 0 0 0 0])
  ("as" .
   [1 0])
  ("heading" .
   [0 0 0 0 0 0 1])
  ("ヒント７" .
   [2 0 0 0])
  ("ヒント６" .
   [2 0 0 0])
  ("のようにする" .
   [1 0 0 0 0 0])
  ("lengthで要素数が取得できる" .
   [0 0 0 0 0 0 1 0 0 0 0 0 0 0 0 0])
  ("query" .
   [0 0 1 0 0])
  ("sex" .
   [1 0 0])
  ("inputBlood" .
   [0 0 0 0 0 0 0 1 0 0])
  ("inputSex" .
   [0 0 0 0 0 0 0 1])
  ("/script" .
   [1 0 0 0 1 0 0])
  ("png" .
   [4 0 0])
  ("file" .
   [2 0 0 0])
  ("ARGV" .
   [0 0 1 0])
  ("target" .
   [1 0 0 0 0 0])
  ("SpringCloudが何を解決するか" .
   [0 0 0 0 0 0 0 0 0 0 1 1 0 0 0 0 0 0 0])
  ("Spring" .
   [3 0 0 0 0 0])
  ("事例から学ぶDevOpsトランスフォーメーション成功の鍵" .
   [0 0 2 0 0 0 0 0 0 0 0 0 0 0 0 0 0 0 0 0 0 0 0 0 0 0 0 0])
  ("DevOpsのポイント" .
   [0 0 5 1 0 0 1 0 0 0 0])
  ("PoC" .
   [1 0 0])
  ("Hashicorp" .
   [0 0 0 1 0 3 0 0 0])
  ("Bad" .
   [0 0 1])
  ("better" .
   [1 0 0 0 0 0])
  ("Nomad" .
   [1 0 0 0 1])
  ("packer" .
   [0 0 0 1 0 0])
  ("なぜDevOps" .
   [0 0 1 0 0 0 0 0])
  ("インフラアズコード" .
   [0 0 0 0 1 0 0 0 0])
  ("CICDツールの標準化" .
   [0 0 0 0 3 0 0 0 0 0 0])
  ("Terraform" .
   [0 0 1 0 0 0 0 0 0])
  ("hashicorp" .
   [0 0 0 0 0 1 0 0 0])
  ("onShow" .
   [1 0 0 0 0 0])
  ("innerHTML" .
   [0 0 0 0 0 1 0 0 0])
  ("person" .
   [1 0 0 0 0 0])
  ("action" .
   [3 0 3 1 0 0])
  ("a" .
   [1])
  ("age" .
   [1 0 0])
  ("gender" .
   [1 0 0 0 1 0])
  ("persons" .
   [2 0 0 0 0 0 0])
  ("E2Eテストに" .
   [0 0 0 1 0 0 0])
  ("props" .
   [6 0 0 0 0])
  ("TouchableOpacity" .
   [0 0 0 4 0 0 0 0 0 0 0 0 0 0 0 0])
  ("Text" .
   [10 0 2 0])
  ("style" .
   [8 0 0 0 0])
  ("styles" .
   [5 0 3 1 0 0])
  ("backgroundColor" .
   [0 0 0 2 1 0 0 0 0 0 0 0 0 0 0])
  ("buttonText" .
   [0 0 0 0 0 0 0 0 1 0])
  ("onPress" .
   [1 0 3 1 0 0 0])
  ("bind" .
   [2 0 0 0])
  ("onPressButton" .
   [0 0 0 0 0 0 0 0 1 0 0 0 0])
  ("onPressCloseModal" .
   [0 0 0 0 0 1 0 0 0 0 0 0 0 0 0 0 0])
  ("modalVisible" .
   [0 0 0 0 1 0 0 0 0 0 0 0])
  ("modalContents" .
   [0 0 0 0 1 0 0 0 0 0 0 0 0])
  ("datePickerContainer" .
   [0 0 0 0 0 0 0 0 0 0 0 1 0 0 0 0 0 0 0])
  ("WrapperScreen" .
   [0 0 0 5 0 0 0 0 0 0 0 0 0])
  ("SampleAScreen" .
   [0 0 0 2 0 0 0 0 1 0 0 0 0])
  ("screen" .
   [0 0 0 1 0 0])
  ("header" .
   [1 0 0 0 0 0])
  ("SampleB" .
   [0 0 0 0 0 0 1])
  ("router" .
   [1 0 0 0 0 0])
  ("AppNavigator" .
   [0 0 0 3 0 1 1 0 0 0 0 0])
  ("Wrapper" .
   [1 0 0 0 0 0 0])
  ("export" .
   [3 0 0 0 0 0])
  ("AppNavigator2" .
   [2 0 0 1 0 0 0 0 0 0 0 0 0])
  ("onPressAndroidBack1" .
   [3 0 1 1 0 0 0 0 0 0 0 0 0 0 0 0 0 0 0])
  ("handleAndroidBack1" .
   [0 0 0 0 1 0 0 0 0 0 0 0 0 0 0 0 0 0])
  ("handleAndroidBack2" .
   [0 0 0 0 1 0 0 0 0 0 0 0 0 0 0 0 0 0])
  ("TypeScript" .
   [0 0 0 1 0 0 0 0 0 0])
  ("Components" .
   [0 0 0 0 0 0 0 1 0 0])
  ("Web技術でネイティブアプリを開発する話" .
   [0 0 0 2 0 0 0 0 0 0 0 0 0 0 0 0 0 0 0 0])
  ("UI標準にのっとらないで自由" .
   [0 0 1 0 0 0 0 0 0 0 0 0 0 0])
  ("Cordova" .
   [0 0 0 1 0 1 0])
  ("Android" .
   [0 0 0 0 0 0 1])
  ("and" .
   [1 0 0])
  ("Fiber" .
   [2 0 0 0 0])
  ("DOM" .
   [1 0 0])
  ("Reconciler" .
   [0 0 0 0 0 1 0 0 0 0])
  ("SampleE" .
   [1 0 0 0 0 0 0])
  ("サンプルA" .
   [1 0 0 0 0])
  ("MainView" .
   [0 0 0 0 1 0 0 0])
  ("index" .
   [3 0 0 0 0])
  ("Nomal" .
   [0 0 0 0 1])
  ("FlatList" .
   [0 0 0 0 2 1 0 0])
  ("renderItem" .
   [4 0 0 0 0 0 0 1 0 0])
  ("key" .
   [5 0 0])
  ("formItems" .
   [0 0 0 0 1 0 0 0 0])
  ("item" .
   [4 0 0 0])
  ("formContainer" .
   [0 0 0 0 1 0 0 0 0 0 0 0 0])
  ("ContentInput" .
   [0 0 0 1 0 0 0 0 0 0 0 0])
  ("KeyboardAvoidingView" .
   [0 0 1 0 0 0 0 0 0 0 0 0 0 0 0 0 0 0 0 0])
  ("Button" .
   [2 0 0 0 0 0])
  ("contentContainerStyle" .
   [0 0 0 0 0 0 0 0 0 0 1 0 0 0 0 0 0 0 0 0 0])
  ("Style" .
   [0 0 0 1 0])
  ("container" .
   [2 0 0 0 1 0 0 0 0])
  ("alert" .
   [2 0 0 0 0])
  ("tmp" .
   [2 0 0])
  ("toString" .
   [0 0 0 0 1 0 0 0])
  ("keyboardType" .
   [0 0 0 1 0 0 0 0 0 0 0 0])
  ("path" .
   [2 0 0 0])
  ("Image" .
   [1 0 0 0 0])
  ("navigate" .
   [1 0 0 0 0 0 0 0])
  ("Dementions" .
   [0 0 0 0 0 1 0 0 0 0])
  ("height" .
   [4 0 0 1 0 1])
  ("width" .
   [2 0 0 1 0])
  ("navigation" .
   [2 0 0 0 0 0 0 0 0 0])
  ("/label" .
   [2 0 0 0 0 0])
  ("選択肢2" .
   [1 0 0 0])
  ("選択肢3" .
   [1 0 0 0])
  ("/tr" .
   [1 0 0])
  ("/th" .
   [1 0 0])
  ("/td" .
   [1 0 0])
  ("option" .
   [1 0 0 1 0 0])
  ("/option" .
   [0 0 0 0 0 2 0])
  ("-----" .
   [2 0 0 0 0])
  ("span" .
   [1 0 0 0])
  ("/span" .
   [1 0 0 0 0])
  ("prevState" .
   [0 0 0 0 1 0 0 0 0])
  ("currentState" .
   [0 0 0 0 0 0 1 0 0 0 0 0])
  ("lockToLandscapeLeft" .
   [1 0 0 1 1 0 0 0 1 0 0 0 0 0 0 0 0 0 0])
  ("lockToPortrait" .
   [0 0 0 2 2 0 0 0 0 0 0 0 0 0])
  ("lockToLandscapeRight" .
   [0 0 0 0 1 0 0 0 0 0 0 0 0 0 0 0 0 0 0 0])
  ("removeOrientationListener" .
   [0 0 0 0 1 0 0 0 0 0 0 1 0 0 0 0 0 0 0 0 0 0 0 0 0])
  ("handleOrientation" .
   [0 0 0 0 2 0 0 0 0 0 0 0 0 0 0 0 0])
  ("currentRouteName" .
   [0 0 0 0 0 1 0 0 0 0 0 0 0 0 0 0])
  ("モデルと実装を一致させる" .
   [0 0 0 0 0 0 1 0 0 0 0 0])
  ("SpringBoot" .
   [3 0 0 0 0 0 0 0 0 0])
  ("SpringSecurity" .
   [1 0 0 0 0 0 0 0 0 0 0 0 0 0])
  ("Data" .
   [1 0 0 0])
  ("JPA" .
   [2 0 0])
  ("SpringData" .
   [1 0 0 0 0 0 0 0 0 0])
  ("EntityManager" .
   [0 0 0 0 0 0 1 1 0 0 0 0 0])
  ("SpringDataJPA" .
   [1 0 0 0 0 0 0 0 0 0 0 0 0])
  ("spring" .
   [1 0 0 0 0 0])
  ("MicroService" .
   [0 0 0 1 0 0 0 0 0 0 0 0])
  ("microservice" .
   [0 0 1 0 0 0 0 0 0 0 0 0])
  ("DevOps" .
   [0 0 0 1 0 0])
  ("API" .
   [4 0 0])
  ("Gateway" .
   [1 0 2 0 1 0 0])
  ("Phase1" .
   [0 0 0 2 0 0])
  ("docs" .
   [1 0 0 0])
  ("CSS" .
   [3 0 0])
  ("in" .
   [2 0])
  ("JSはシングルスレッドだからどっかとまるととまっちゃう" .
   [0 0 3 0 0 0 0 0 0 0 0 0 0 0 0 0 0 0 0 0 0 0 0 0 0 0 0])
  ("on" .
   [1 0])
  ("コンポーネント指向にあってる" .
   [0 0 0 0 0 0 0 1 0 0 0 0 0 0])
  ("is" .
   [1 0])
  ("ASTについて" .
   [0 0 0 1 0 0 0])
  ("jockey" .
   [0 0 0 1 0 0])
  ("TSなら全部やってくれる" .
   [0 0 2 0 0 0 0 0 0 0 0 0])
  ("cypress" .
   [0 0 0 0 0 1 0])
  ("run" .
   [1 0 0])
  ("iosの特徴" .
   [0 0 1 0 0 0])
  ("Yahoo" .
   [0 0 0 1 0])
  ("Node" .
   [1 0 0 0])
  ("スポーツナビも徐々にKotlin" .
   [0 0 0 0 0 0 1 0 0 0 0 0 0 0 0 0])
  ("GAE/Go" .
   [0 0 0 2 0 0])
  ("コマンドひとつ" .
   [0 0 0 0 1 0 0])
  ("REST" .
   [2 0 0 0])
  ("API開発方針" .
   [0 0 0 1 0 0 0])
  ("Responsive" .
   [0 0 0 1 0 0 0 0 0 0])
  ("Web" .
   [4 0 0])
  ("Design" .
   [0 0 0 1 1 0])
  ("Fluid" .
   [2 0 0 0 0])
  ("Media" .
   [0 0 1 1 0])
  ("viewport" .
   [0 0 0 0 1 0 0 0])
  ("vmin" .
   [1 0 0 0])
  ("vmax" .
   [1 0 0 0])
  ("B2Cとの違い" .
   [0 0 0 1 0 0 0])
  ("B2Bを多くやってる" .
   [0 0 0 1 0 0 0 0 0 0])
  ("Swaggerの開発フロー" .
   [0 0 0 1 0 0 0 1 0 0 0 0 0])
  ("SwaggerEditer" .
   [0 0 0 0 0 0 0 0 0 2 0 0 0])
  ("CodePush" .
   [0 0 0 0 3 0 0 0])
  ("Touchable*系" .
   [0 0 1 1 0 0 0 0 0 0 0])
  ("Quipper" .
   [0 0 0 1 0 0 0])
  ("freee" .
   [0 0 0 1 0])
  ("Webサイト" .
   [0 0 0 1 0 0])
  ("no-unused-vars" .
   [0 0 0 0 0 0 0 0 0 0 0 0 0 1])
  ("コンポーネントの単体テスト" .
   [0 0 0 0 0 0 0 0 1 0 0 0 0])
  ("ShadowDOM時代のCSS" .
   [0 0 0 1 0 0 0 0 0 0 0 0 0 0 0])
  ("不安定なDOM" .
   [0 0 1 0 0 0 0])
  ("デザイン系が死ぬ" .
   [0 0 0 0 1 0 0 0])
  ("仕様を考える" .
   [0 0 1 0 0 0])
  ("DesignSystemとは何か" .
   [0 0 0 0 0 0 0 1 0 0 0 0 0 0 0 0])
  ("abemaTV" .
   [0 0 0 1 0 0 0])
  ("OpenShiftとの違い" .
   [0 0 0 0 1 0 0 0 0 0 0 0 0])
  ("Modern" .
   [1 0 2 0 0 0])
  ("AMP" .
   [2 0 0])
  ("ServiceWorkerで先読み" .
   [0 0 0 1 1 0 0 0 0 0 0 0 0 0 0 0 0])
  ("Mercari" .
   [1 0 0 0 0 0 0])
  ("オフライン対応" .
   [1 0 0 0 0 0 0])
  ("ServiceWorkerで実現" .
   [0 0 0 0 0 0 0 0 1 0 0 0 0 0 0 0])
  ("BFF" .
   [2 0 0])
  ("JS書く必要ない" .
   [0 0 2 0 0 0 0 0])
  ("APIを束ねたりページを作ったり" .
   [0 0 0 1 0 0 0 0 0 0 0 0 0 0 0 0])
  ("UIはフロントエンド" .
   [0 0 1 0 0 0 0 0 0 0])
  ("SSR" .
   [2 0 0])
  ("First" .
   [0 0 0 0 1])
  ("FirstMeaningfulPaintまでの速度を上げたい" .
   [0 0 0 0 0 0 0 1 0 0 0 0 0 0 0 0 0 0 0 0 0 0 0 0 0 0 0 0 0 0])
  ("Next" .
   [1 0 0 0])
  ("Rails" .
   [1 0 0 0 0])
  ("GraphQL" .
   [0 0 0 3 0 1 0])
  ("Flow" .
   [1 0 0 0])
  ("エアークローゼット" .
   [1 0 0 0 0 0 0 0 0])
  ("fastifyはいいぞ" .
   [0 0 0 1 0 0 0 0 0 0 0])
  ("スペースマーケット" .
   [1 0 0 0 0 0 0 0 0])
  ("styled-components" .
   [0 0 1 1 0 0 0 0 0 0 0 0 0 0 0 0 0])
  ("まだStage3" .
   [1 0 0 0 0 0 0 0])
  ("OpenShift" .
   [0 0 1 1 1 0 0 0 0])
  ("com/event/81037/" .
   [0 0 0 0 1 0 0 0 0 0 0 0 0 0 0 0])
  ("Ansible" .
   [0 0 0 3 0 0 0])
  ("ネットワークモジュールにフォーカス" .
   [0 0 0 0 0 0 0 0 0 0 0 1 0 0 0 0 0])
  ("Github" .
   [0 0 1 3 0 0])
  ("Lambdaで作る" .
   [0 0 1 0 0 0 0 0 0])
  ("GitHub" .
   [2 0 0 0 0 1])
  ("SNS" .
   [3 0 0])
  ("Cloud" .
   [1 0 0 0 0])
  ("Pub/Sub" .
   [0 0 0 1 0 0 0])
  ("Seleniumで作った" .
   [0 0 0 0 1 0 0 0 0 0 0 0])
  ("メルカリの自動化への取り組み" .
   [0 0 0 0 0 0 0 0 1 0 0 0 0 0])
  ("node-core-utils" .
   [0 0 0 0 0 1 1 0 0 0 0 0 0 0 0])
  ("Apps" .
   [1 0 0 0])
  ("OAuth" .
   [0 0 1 0 0])
  ("Webhook" .
   [0 0 0 1 0 0 0])
  ("pre-commit" .
   [1 0 0 0 0 0 0 0 0 0])
  ("Swagger" .
   [1 0 0 2 0 0 0])))
